6360
6545
7106
1296
3685
9939
3470
8358
1718
5579
3916
6561
2206
1387
1710
2802
9916
8410
301
1837
5975
1616
936
7548
789
5774
6777
2508
3270
5816
8756
1832
5117
5856
9466
7409
4174
4912
2682
2951
8530
3284
1606
1110
8888
2545
6723
783
2087
8614
2330
6034
526
8158
9355
965
892
8558
2610
6132
8331
2801
9202
1013
9222
8462
8141
2294
9756
4514
1333
2054
1581
2832
9069
7884
1985
2978
3689
9752
7816
874
9172
180
6748
2425
9537
8839
6770
8235
6217
694
8176
7246
434
6375
6824
3133
4528
8195
866
7709
3029
455
9785
499
6869
9832
5611
1567
6581
6416
9220
9050
2577
5417
7780
2567
8092
997
3996
5577
6786
4440
489
593
6442
3731
8759
8898
9191
2781
4726
8628
2222
6351
7146
4064
3441
3917
7756
5742
3418
4252
5150
5721
9251
5380
12
7580
1330
3412
5934
6556
4067
2221
1978
8577
8797
5468
6518
2897
7334
2951
8171
1067
8258
1442
2533
4701
5047
6670
4663
3251
2204
1088
7771
3373
8064
7914
3383
491
6214
4232
5323
5511
606
4008
4247
7615
3455
3591
4906
1486
7521
788
2645
6823
8839
868
9341
8573
1033
113
4719
4929
6880
2991
4734
5400
458
8893
5705
9944
1645
1252
3960
1520
8200
8208
2916
7585
3333
1735
9062
6413
1259
5242
4247
9563
9040
1160
8887
5379
8812
7978
8266
9340
6440
3454
6636
3919
7109
3635
1061
6344
810
4925
5128
2617
7669
774
9925
6555
7410
1506
4287
7074
9353
541
9591
5115
1506
1683
6391
4597
5780
6763
4075
3945
3130
4289
1833
2679
6983
5006
6817
862
9137
103
480
6056
4856
6431
3423
2832
4538
6026
1176
7713
2767
3039
5768
940
9503
6920
1504
549
5668
8041
1877
6251
970
6283
5720
9602
2498
884
1056
9007
2502
8725
611
8991
9959
9344
2724
8980
9314
5107
5446
6237
9441
2101
7070
2961
5741
364
6150
9768
2657
185
622
1494
8074
3457
3597
8085
4523
1960
8630
7998
5630
7724
2790
739
5652
1291
3689
1260
6301
3043
1180
684
8194
1172
4877
5231
1215
2771
3134
5298
863
9454
4537
8543
4592
8023
3534
6980
6054
783
343
2351
6155
9504
5084
9112
4084
9302
4450
219
2671
6251
527
5408
3304
3823
6185
9657
5354
1329
9356
1527
7938
6860
4106
1385
912
704
1052
3795
3959
5611
4391
7735
9700
9652
9530
3730
5499
9972
7092
8469
9196
722
5186
5999
2389
8234
7062
3971
3489
3065
5331
4075
6750
5335
5669
7897
1484
4465
1933
2246
8593
1041
4586
1273
2618
3453
6163
8005
7356
8650
8865
6911
7769
6730
5978
7435
2269
169
3800
8946
5496
8223
9192
2098
2118
4563
526
2434
9738
2781
4949
8304
6762
9670
8132
1066
1043
4223
1628
2565
620
2474
991
4493
1049
9576
8795
25
3670
3568
8179
3850
6483
4361
7118
4704
2927
5988
3608
1113
3197
5785
2839
9655
6324
7949
8297
4861
3138
5037
6761
1126
2080
4761
768
65
9456
4896
1464
4125
9298
2339
2187
3725
279
281
2714
3433
1053
3727
9769
2801
5225
953
5928
253
9555
2138
1229
2406
1291
5804
8749
2267
57
3244
329
481
2050
1061
3221
3579
2535
4231
6852
8689
9687
8116
9167
1552
4724
6599
6932
3614
4147
4497
5739
8040
3565
8321
2260
2490
8339
6559
1452
3530
8990
5062
4111
4433
6772
9548
631
519
4087
4271
1474
9642
6711
7821
9538
363
7064
3232
5101
8069
5342
6228
4901
2346
4996
8182
9874
4604
1149
9756
1115
2613
5505
203
1204
772
6201
1576
1522
5365
198
8271
2377
1275
5900
761
6998
5020
6108
3006
5753
2921
846
2551
7993
9176
4493
7774
3756
2465
813
4996
238
4289
664
2511
6430
6094
6325
2846
3609
1832
2474
5083
6654
5272
7784
3132
7792
4664
6485
8053
3562
5647
4504
3741
2332
519
4508
283
9684
4044
9383
7486
7784
2659
8293
4678
5344
9636
8253
770
192
2550
5477
3511
7187
2566
9777
9161
5091
3827
7159
281
3925
7625
7454
2060
7810
8009
3221
1795
6623
7105
5920
6092
8494
8301
1244
9045
669
8249
1860
5208
3245
2385
9724
7847
909
5784
5531
9685
4628
2738
8006
2287
7278
5486
8230
7925
2206
6035
4635
8345
4177
9365
8139
5123
291
7940
99
7662
1851
1522
4270
6419
865
9679
6099
896
4688
8995
4456
3332
2039
4439
4341
7625
1225
1744
2244
4095
6372
9192
8308
7729
4255
2395
8908
3958
9852
6300
1676
8295
4141
8738
7568
6392
9426
7074
942
8324
9857
2106
2286
9305
3999
5142
8393
7805
7450
9955
8714
6956
7721
1070
5250
6255
3915
3800
6456
2155
2748
6825
9052
3331
806
1389
3100
7386
6436
7423
5520
6857
6258
801
6512
8313
7296
9765
5206
6878
5621
1867
9566
6769
8993
4552
7242
8488
8778
7599
5777
3347
5272
4719
9495
1798
4876
4008
2312
3038
9851
3882
8750
6498
3992
5597
979
3208
1695
8807
6304
4512
8431
7325
2243
5153
9791
1689
8543
8286
4913
2068
1997
981
6371
6833
1329
4420
2242
1366
5112
3848
7289
5079
4300
8483
88
209
8058
6009
3568
6768
4139
1128
6330
4285
9902
9505
1767
1447
5607
7
3986
8492
3984
131
1266
3061
4941
8945
9708
348
6526
9819
9813
1770
7422
8081
8404
3505
8217
8289
2246
7443
2538
2584
6235
6174
6465
2901
8206
5252
8244
1126
1491
5483
861
1970
2344
5517
3665
5810
2510
8317
1840
5724
193
6679
8744
1358
4466
5234
5284
6996
8214
6038
1586
4102
4263
3012
9058
3760
9144
2998
3387
4079
7286
3395
4183
5397
922
1935
7983
2314
1499
8733
7313
2447
4801
4066
6973
1392
7044
9112
992
6341
4835
6523
263
3732
8096
4339
8821
4519
72
7919
2191
3990
5569
3370
9365
7537
876
4957
8539
2541
5081
4209
3846
9320
2698
3423
8562
5609
4800
2390
6975
8777
5569
4871
8925
3304
556
1440
6524
1006
7811
3684
7718
3039
4454
8228
4648
2346
9361
5772
3547
2142
6347
5996
1761
9706
1167
6417
2635
3519
2376
3600
648
4867
2022
6462
7911
9733
9149
5967
1981
825
1036
8473
9730
3295
1339
1764
2038
5380
4941
4464
8513
2516
6853
2675
1240
281
2917
6206
1932
6517
3314
8666
3932
8473
2883
5028
8570
1232
6953
6787
955
683
8792
7746
1016
9017
2466
6126
242
322
1045
3757
7666
7136
2635
3385
223
7339
7840
5528
2664
8079
3361
8841
6817
8125
191
237
9466
2811
162
5120
5867
2600
1898
5763
4348
5536
2737
4887
9696
728
3053
3255
3234
9991
8065
5794
7016
1122
4803
7988
8628
1442
6952
3361
4714
5603
9052
8573
9723
1276
8990
5323
6703
950
7751
8495
9202
2202
9723
7970
7717
3532
6248
7890
3589
9822
8171
2259
3209
2850
1523
7174
5988
1312
2333
9333
1451
7056
1982
2040
2833
8693
6047
7351
2205
1207
4370
8940
61
2842
2643
9315
8436
5056
8346
5922
2895
9160
2317
6127
5749
9649
2579
5443
2316
4959
7955
4585
9721
8488
4138
5570
9487
2524
9019
8648
4777
1167
672
5709
2594
9221
7999
4767
4753
1496
1945
3034
8803
121
2012
9883
8384
2161
2935
7709
9952
4498
7518
6802
3638
3919
3027
4958
2762
8820
4468
2307
8373
2116
5861
8485
5061
1325
5826
8106
5889
154
2358
2336
6118
4053
1834
3434
5103
8310
5013
440
1859
5853
881
6563
9576
9672
878
5394
1254
1137
8512
2635
3895
2583
3284
7705
6778
6872
5312
9063
6134
5000
6456
3158
7564
1584
1660
5185
1045
9750
5726
4714
5322
5396
9970
5728
8163
4984
8911
9568
2935
6168
3474
9957
1074
7343
7057
9214
8037
6696
7261
5018
9206
422
4992
354
7944
8414
3894
7715
2710
3507
8969
2582
25
5835
5956
9726
3738
5090
2377
846
8592
6971
206
9044
7866
1822
5857
4214
6265
6787
1581
5495
3669
7418
4053
9558
9744
6788
6588
1780
1991
9025
5351
1280
1268
7079
9675
3424
6737
9691
6560
3438
3415
7392
5575
4077
2820
9865
9480
3126
9995
668
5955
6819
5029
7014
5528
6727
4134
4725
7923
4921
3147
1349
2799
8859
9326
7418
6027
8075
3532
7671
4489
5749
4510
3130
9395
4530
227
8804
2569
2978
831
6536
3317
386
8780
4382
1296
3513
6943
5397
2797
5557
2662
4291
7107
5773
8541
5786
7960
8322
143
2474
2904
2487
4554
4124
3557
3002
9323
1522
5704
5998
3353
3929
4150
2038
2941
1944
2655
9744
6383
7784
5503
5468
284
7855
6183
4360
7955
9994
1734
3801
2463
5623
2640
1832
3518
1709
4385
3142
3441
2056
1771
4446
1004
5156
170
1414
6013
2342
9001
7152
9513
4082
862
5875
5650
8348
4128
3345
6277
8750
4473
7285
7647
5491
6326
5020
8976
5182
843
7645
503
1962
6979
293
1933
8014
3909
2387
9023
4876
9059
1965
8450
9079
5772
3661
1499
5583
4529
8348
4742
8587
3941
5530
2020
9617
8733
5447
962
3284
1367
8096
1716
3867
8119
2905
1632
1498
7787
8083
2039
1807
400
2523
6382
6412
4079
8623
8011
7228
6303
3885
7004
1171
6014
5722
5552
5926
7146
6668
6361
6852
1961
8661
6057
5664
2568
5340
4585
8220
8145
8746
8425
3651
581
1981
497
9491
3481
9788
1846
246
5102
8552
6921
9868
1672
1115
8393
2902
7088
7089
8665
9073
5749
8799
6619
4716
77
7588
9196
3464
5241
522
2745
4220
5750
7929
9311
9186
1168
5593
897
7730
9153
6289
7970
6808
8039
6721
4786
1492
9012
4488
2789
1518
2847
1699
4639
5412
6359
6659
652
8242
8088
1706
4396
1133
8982
737
1499
6428
3510
3129
95
8227
540
5420
3258
973
7183
9599
8224
5845
1289
1831
6082
2241
3451
9860
7129
8492
7517
2798
4494
2639
8898
827
8661
7835
5146
7883
9947
2261
9761
5712
8340
3166
6453
941
8919
9486
724
9337
3046
4957
388
7376
1812
9774
9485
39
1259
3848
3569
9722
7174
1265
6139
2083
793
4730
9269
9705
4593
7409
5347
7763
2021
5015
6813
2823
9995
47
3963
7588
4440
447
7480
7016
4127
7303
3113
8175
2475
8619
1047
6377
1784
3598
6135
38
9275
9117
6715
320
1441
5765
1874
2597
1413
3538
6346
8512
651
8213
3238
499
4202
5120
2234
9155
5623
3569
8275
5312
8284
6058
8228
1104
1719
6425
5163
4231
3870
8713
642
4436
6721
6323
5777
1051
968
4546
7616
9546
3099
6882
9978
8443
6529
3188
4798
9925
8143
9601
8271
1871
9554
4280
3195
5298
8696
2118
3737
5898
281
1393
3019
2969
4499
929
2867
4904
1539
396
4850
619
7327
508
1628
2287
511
5870
1319
2
6189
7450
3665
6431
4658
250
4417
2309
9519
7129
454
2835
4861
3802
2941
1859
7564
3298
3294
2080
8376
8515
8741
1813
490
1638
2910
2371
8203
3123
3193
4590
4499
2064
6926
3813
3007
6484
5098
9484
7200
6311
5319
7064
7024
9016
3897
6038
9056
4538
5093
1112
6477
2492
2028
8685
2386
2996
3973
8492
6550
5335
4313
6765
6357
1639
8584
1316
7789
5689
9225
7210
4479
290
2622
2650
9813
3071
4822
9301
2899
1021
860
2915
758
8491
6060
2951
5305
7306
9814
9197
6790
2909
6635
1282
6201
3683
4
2368
3504
703
1267
8405
6287
8544
3313
9039
2625
5954
5510
1222
5800
9696
7734
8998
5461
1523
1785
7239
7139
8316
7395
2778
4062
1354
7394
2563
9169
6041
4839
9406
4589
4375
5803
4991
21
3764
8674
8058
5878
2405
2973
1723
8053
7381
8489
6164
4752
3401
8069
1393
8054
6606
3234
1224
4482
3314
5459
4210
9554
5387
5459
8497
599
3816
805
2126
3813
5570
919
208
3242
830
2304
8106
492
1282
9576
4945
4298
6897
8103
2840
1220
9429
7733
587
551
4216
401
2581
1728
9743
2541
4270
6130
4452
8150
5764
9091
1870
3074
1796
7568
127
1170
3509
8497
7130
8647
4402
2280
8878
1233
2162
8066
8980
2690
6886
496
9585
8689
126
2543
1288
1386
1992
5539
7632
2242
3382
1011
5916
3209
3242
8029
6525
1528
7697
138
305
666
2538
7740
6005
9367
8258
4884
3759
7435
7485
7713
7601
7318
8194
2690
7658
6924
7123
9565
3583
1404
2632
8712
8305
7006
935
4740
8331
1318
3874
2425
4587
789
1326
1068
4810
7870
9403
5710
6602
8966
1780
6846
1563
2677
549
3183
4489
5465
7684
5940
3190
7385
6798
8855
3728
5495
9311
2569
8798
9727
2412
6307
7532
8668
9105
6412
7169
9130
9570
3043
5673
5302
2768
8204
9492
2257
4587
4312
5498
3235
8430
7308
4313
5741
892
3572
9020
4903
1076
2560
6090
4327
7779
4108
777
339
295
4334
4621
1566
6044
7417
9552
3774
5093
5982
9039
3487
2200
5266
4751
7200
8918
426
6923
6218
8197
4402
2443
9777
4012
654
6770
8131
4267
4072
3316
7886
9781
4648
8082
5902
3115
6690
9748
7956
5046
3192
4945
1762
6704
816
6478
786
543
8081
3729
5783
2863
9703
480
8235
6859
8614
8155
9335
2216
9114
6067
9521
1902
5837
8294
6880
4500
2434
3656
3163
567
4735
46
1007
8342
8536
2474
6479
173
4181
4079
9878
4829
9925
464
3176
708
9548
665
9222
7502
5384
9401
8256
6823
8305
8827
2101
9819
4159
3183
6006
7789
6
8826
5321
5984
5916
5287
3322
4773
4267
7000
1739
2562
7185
8013
7515
3387
9156
8095
3701
7056
1380
4666
991
5155
5977
8069
1043
9108
6971
2879
5355
6635
1889
9928
1269
9153
4369
6297
6694
1419
5
353
891
19
2831
3949
3498
981
8995
5058
9351
7652
6067
7866
787
2662
9016
9305
2014
7619
1675
6428
9101
1205
8804
3101
9495
8956
3946
2148
4889
4913
3833
4397
9690
9525
114
7778
616
7749
8988
2470
8513
6940
5656
7198
5902
4165
4082
1403
4681
7707
7363
3592
7744
976
6788
9564
9682
8534
6013
797
2422
1613
7451
6194
7163
6170
3920
658
313
5200
195
6558
6182
2477
3849
5576
4725
3876
9228
8671
5273
3026
7383
9176
6616
5023
7460
5051
250
4979
8268
7670
2033
8019
462
6530
6434
5431
5723
7760
2945
9433
5885
3087
5947
1115
2760
9726
1116
3045
6329
5784
8034
9547
3211
7841
8441
8823
4136
6267
5172
8200
1500
5909
3421
2182
2053
4849
9444
3120
9127
929
7876
340
7453
5229
8675
27
6234
1427
232
4174
7341
1883
2182
7257
3586
5526
3719
4075
4645
2739
6212
2071
5985
493
7840
6922
7287
1429
661
569
2522
9799
8534
7318
8647
1115
5651
9854
4786
6395
8283
4291
3500
6220
4316
4097
9665
5787
502
287
8893
8421
5245
3477
303
914
6845
8692
1829
6607
7144
6485
7719
6039
6139
482
4512
2334
7167
1387
8470
3434
5610
6551
107
6366
2534
8680
9084
3684
